image: /home/ting/maps/high_res.pgm
resolution: 0.020000
origin: [-10.356151, -17.296171, 0.0]
negate: 0
occupied_thresh: 0.65
free_thresh: 0.196
